00110000
11110010
00000001
00000000
00000000
00000000
00000000
00000000
00000000
00000000
00110000
11110011
00000010
00000000
00000000
00000000
00000000
00000000
00000000
00000000
01100001
00100011
00110000
11110100
00101000
00000001
00000000
00000000
00000000
00000000
00000000
00000000
01000000
01000011
00000000
00000001
00000000
00000000
00000000
00000000
00000000
00000000
10100000
00101111
10110000
00001111
01110011
01000000
00000000
00000000
00000000
00000000
00000000
00000000
00000000
10000000
01000010
00000000
00000000
00000000
00000000
00000000
00000000
00000000
00000000
00010000
00110000
11110001
00001000
00000000
00000000
00000000
00000000
00000000
00000000
00000000
10010000