00110000
11110010
00000001
00000000
00000000
00000000
00000000
00000000
00000000
00000000
00110000
11110011
00000010
00000000
00000000
00000000
00000000
00000000
00000000
00000000
01100001
00100011
00110000
11110100
00101000
00000001
00000000
00000000
00000000
00000000
00000000
00000000
01000000
01000011
00000000
00000001
00000000
00000000
00000000
00000000
00000000
00000000
10000000
00110101
00000000
00000000
00000000
00000000
00000000
00000000
00000000
00000000
00010000
01010000
00010011
00000000
00000001
00000000
00000000
00000000
00000000
00000000
00000000
01100000
00010011
10010000
00000000